-85.7284355620482
-82.5980003122869
-80.4396163056017
-78.6827309692538
-77.1614318590160
-75.7997885178843
-74.5555054404937
-73.4021578641335
-72.3219295170164
-71.3021346787605
-70.3333617849586
-69.4084004483736
-68.5215821589190
-67.6683549907785
-66.8449981718108
-66.0484241033563
-65.2760371593185
-64.5256305487857
-63.7953094072008
-63.0834323983818
-62.3885666577940
-61.7094525315671
-61.0449756281402
-60.3941444106230
-59.7560720440111
-59.1299615498103
-58.5150935602699
-57.9108161367340
-57.3165362422769
-56.7317125516066
-56.1558493505959
-55.5884913302306
-55.0292191197888
-54.4776454349126
-53.9334117402117
-53.3961853448390
-52.8656568643278
-52.3415379937921
-51.8235595470610
-51.3114697239440
-50.8050325740171
-50.3040266303651
-49.8082436908586
-49.3174877279563
-48.8315739108513
-48.3503277261332
-47.8735841851049
-47.4011871075444
-46.9329884730930
-46.4688478326275
-46.0086317729775
-45.5522134291941
-45.0994720393110
-44.6502925371596
-44.2045651793373
-43.7621852028933
-43.3230525106965
-42.8870713817975
-42.4541502044009
-42.0242012293270
-41.5971403420740
-41.1728868517940
-40.7513632956719
-40.3324952573571
-39.9162111982317
-39.5024423004222
-39.0911223205729
-38.6821874534894
-38.2755762048522
-37.8712292722703
-37.4690894340188
-37.0691014448597
-36.6712119384021
-36.2753693355066
-35.8815237582829
-35.4896269492654
-35.0996321953935
-34.7114942564476
-34.3251692976282
-33.9406148259853
-33.5577896304331
-33.1766537251052
-32.7971682958237
-32.4192956494755
-32.0429991661045
-31.6682432535416
-31.2949933044102
-30.9232156553553
-30.5528775483570
-30.1839470939982
-29.8163932365654
-29.4501857208735
-29.0852950607069
-28.7216925087849
-28.3593500281575
-27.9982402649508
-27.6383365223831
-27.2796127359781
-26.9220434499094
-26.5656037944107
-26.2102694641938
-25.8560166978186
-25.5028222579628
-25.1506634125437
-24.7995179166449
-24.4493639952069
-24.1001803264397
-23.7519460259221
-23.4046406313489
-23.0582440878960
-22.7127367341703
-22.3680992887149
-22.0243128370422
-21.6813588191690
-21.3392190176279
-20.9978755459327
-20.6573108374752
-20.3175076348325
-19.9784489794657
-19.6401182017907
-19.3024989116045
-18.9655749888486
-18.6293305746959
-18.2937500629445
-17.9588180917046
-17.6245195353657
-17.2908394968307
-16.9577633000041
-16.6252764825252
-16.2933647887317
-15.9620141628472
-15.6312107423795
-15.3009408517218
-14.9711909959478
-14.6419478547919
-14.3131982768056
-13.9849292736836
-13.6571280147516
-13.3297818216081
-13.0028781629139
-12.6764046493238
-12.3503490285516
-12.0246991805658
-11.6994431129075
-11.3745689561267
-11.0500649593307
-10.7259194858410
-10.4021210089519
-10.0786581077877
-9.75551946325372
-9.43269385407641
-9.11017015292854
-8.78793732263594
-8.46598441246143
-8.14430055446245
-7.82287495991883
-7.50169691582712
-7.18075578145828
-6.86004098497532
-6.53954202010792
-6.21924844288086
-5.89914986839331
-5.57923596764617
-5.25949646441461
-4.93992113216305
-4.62049979100006
-4.30122230467036
-3.98207857758160
-3.66305855186332
-3.34415220445566
-3.02534954422551
-2.70664060910768
-2.38801546326878
-2.06946419429162
-1.75097691037783
-1.43254373756651
-1.11415481696667
-0.795800302001432
-0.477470355661687
-0.159155147767172
0.159155147767172
0.477470355661687
0.795800302001432
1.11415481696667
1.43254373756651
1.75097691037783
2.06946419429162
2.38801546326878
2.70664060910768
3.02534954422551
3.34415220445566
3.66305855186332
3.98207857758160
4.30122230467036
4.62049979100006
4.93992113216305
5.25949646441461
5.57923596764617
5.89914986839331
6.21924844288086
6.53954202010792
6.86004098497532
7.18075578145828
7.50169691582712
7.82287495991883
8.14430055446245
8.46598441246143
8.78793732263594
9.11017015292854
9.43269385407641
9.75551946325372
10.0786581077877
10.4021210089519
10.7259194858410
11.0500649593307
11.3745689561267
11.6994431129075
12.0246991805658
12.3503490285516
12.6764046493238
13.0028781629139
13.3297818216081
13.6571280147516
13.9849292736836
14.3131982768056
14.6419478547919
14.9711909959478
15.3009408517218
15.6312107423795
15.9620141628472
16.2933647887317
16.6252764825252
16.9577633000041
17.2908394968307
17.6245195353657
17.9588180917046
18.2937500629445
18.6293305746959
18.9655749888486
19.3024989116045
19.6401182017907
19.9784489794657
20.3175076348325
20.6573108374752
20.9978755459327
21.3392190176279
21.6813588191690
22.0243128370422
22.3680992887149
22.7127367341703
23.0582440878960
23.4046406313489
23.7519460259221
24.1001803264397
24.4493639952069
24.7995179166449
25.1506634125437
25.5028222579628
25.8560166978186
26.2102694641938
26.5656037944107
26.9220434499094
27.2796127359781
27.6383365223831
27.9982402649508
28.3593500281575
28.7216925087849
29.0852950607069
29.4501857208735
29.8163932365654
30.1839470939982
30.5528775483570
30.9232156553553
31.2949933044102
31.6682432535416
32.0429991661045
32.4192956494755
32.7971682958237
33.1766537251052
33.5577896304331
33.9406148259853
34.3251692976282
34.7114942564476
35.0996321953935
35.4896269492654
35.8815237582829
36.2753693355066
36.6712119384021
37.0691014448597
37.4690894340188
37.8712292722703
38.2755762048522
38.6821874534894
39.0911223205729
39.5024423004222
39.9162111982317
40.3324952573571
40.7513632956719
41.1728868517940
41.5971403420740
42.0242012293270
42.4541502044009
42.8870713817975
43.3230525106965
43.7621852028933
44.2045651793373
44.6502925371596
45.0994720393110
45.5522134291941
46.0086317729775
46.4688478326275
46.9329884730930
47.4011871075444
47.8735841851049
48.3503277261332
48.8315739108513
49.3174877279563
49.8082436908586
50.3040266303651
50.8050325740171
51.3114697239440
51.8235595470610
52.3415379937921
52.8656568643278
53.3961853448390
53.9334117402117
54.4776454349126
55.0292191197888
55.5884913302306
56.1558493505959
56.7317125516066
57.3165362422769
57.9108161367340
58.5150935602699
59.1299615498103
59.7560720440111
60.3941444106230
61.0449756281402
61.7094525315671
62.3885666577940
63.0834323983818
63.7953094072008
64.5256305487857
65.2760371593185
66.0484241033563
66.8449981718108
67.6683549907785
68.5215821589190
69.4084004483736
70.3333617849586
71.3021346787605
72.3219295170164
73.4021578641335
74.5555054404937
75.7997885178843
77.1614318590160
78.6827309692538
80.4396163056017
82.5980003122869
85.7284355620482